2821327	410
2821998	2822082	84
2822341	2822422	81
2822514	2822600	86
2822790	2822864	74
2822966	2823217	251
2823691	2823770	79
2823866	2824039	173
2824527	2824606	79
2825018	2825100	82
2825977	2826049	72
2826465	2826546	81
2826659	2827245	586
2827342	2827426	84
2827568	2827655	87
2827764	2828004	240
2828214	2828302	88
2828789	2828861	72
2829212	2829459	247
2829776	2829864	88
2830438	2830510	72
2830671	2830759	88
2831580	2831655	75
2831930	2832014	84
2832069	2832886	817
2832984	2833145	161
2833540	2833953	413
2834141	2834300	159
2834423	2834513	90
2834629	2834701	72
2834961	2835044	83
2835554	2835625	71
2835865	2836113	248
2836211	2836361	150
2836673	2836928	255
2837020	2837179	159
2837273	2837363	90
2837648	2837727	79
2838187	2838274	87
2838315	2838728	413
2838755	2838915	160
2839012	2839340	328
2839734	2839818	84
2839934	2840006	72
2840048	2840385	337
2840477	2840635	158
2840921	2841173	252
2841968	2842049	81
2842239	2842409	170
2843038	2843127	89
2843537	2843619	82
2843710	2844039	329
2844894	2844984	90
2845046	2845381	335
2845477	2845562	85
2845808	2845880	72
2846998	2847076	78
2847189	2847272	83
2847373	2847453	80
2847647	2847814	167
2848034	2848121	87
2848217	2848543	326
2848611	2849031	420
2849335	2849664	329
2849760	2850074	314
2850629	2850717	88
2852347	2852423	76
2852526	2852697	171
2852754	2852827	73
2853757	2853922	165
2854022	2854357	335
2854824	2854900	76
2855452	2855542	90
2855774	2855854	80
2856507	2856596	89
2856712	2856799	87
2857026	2857363	337
2857614	2857784	170
2858446	2858602	156
2859548	2859717	169
2860077	2860159	82
2862103	2862177	74
2862274	2862363	89
2863547	2863629	82
2863733	2863821	88
2863889	2864141	252
2864924	2864999	75
2865098	2865273	175
2865434	2865509	75
2865552	2865708	156
2866249	2866335	86
2866564	2866640	76
2867015	2867104	89
2867211	2867297	86
2868256	2869333	1077
2869383	2869629	246
2869726	2869974	248
2870205	2870457	252
2870558	2870646	88
2870698	2871588	890
2872356	2872429	73
2872488	2872822	334
2873009	2873084	75
2874573	2874661	88
2874717	2874799	82
2874985	2875070	85
2875135	2875206	71
2875566	2875646	80
2876193	2876274	81
2876413	2877340	927
2877401	2877797	396
2877889	2878058	169
2878837	2879085	248
2879178	2879423	245
2879515	2879603	88
2879795	2879962	167
2880228	2880315	87
2880435	2880601	166
2881112	2881359	247
2881467	2881549	82
2881890	2882051	161
2882690	2882861	171
2883575	2883654	79
2883805	2884046	241
2884113	2884528	415
2884622	2884707	85
2884905	2885166	261
2885387	2885474	87
2885651	2885815	164
2885883	2885971	88
2887272	2887440	168
2887803	2887884	81
2888084	2888170	86
2888434	2888514	80
2888613	2888865	252
2888927	2889094	167
2889158	2889324	166
2889417	2889498	81
2890141	2890228	87
2890319	2890566	247
2890728	2890904	176
2891510	2891592	82
2892015	2892254	239
2893148	2893471	323
2894589	2894840	251
2894934	2895331	397
2895628	2895790	162
2895896	2895974	78
2896018	2896100	82
2896439	2896523	84
2896885	2897037	152
2897215	2897548	333
2900202	2900291	89
2901189	2901429	240
2901520	2901605	85
2902652	2902808	156
2903459	2903546	87
2903644	2903818	174
2904057	2904147	90
2904418	2904587	169
2904865	2905028	163
2905096	2905255	159
2905498	2905829	331
2905921	2906326	405
2906711	2906891	180
2907039	2907114	75
2909070	2909157	87
2909266	2909441	175
2909753	2909835	82
2909937	2910262	325
2910359	2910524	165
2910926	2911004	78
2911640	2911816	176
2912319	2912402	83
2912549	2912639	90
2912698	2913449	751
2914128	2914209	81
2914302	2914635	333
2914696	2914946	250
2915038	2915661	623
2915841	2916083	242
2917062	2917144	82
2917513	2917593	80
2917791	2917862	71
2917928	2918010	82
2918420	2918500	80
2918661	2918900	239
2919253	2919421	168
2919514	2919597	83
2919658	2919914	256
2920015	2920100	85
2920408	2920577	169
2920946	2921105	159
2921897	2922060	163
2922349	2922429	80
2922592	2922675	83
2923107	2923190	83
2923684	2923859	175
2924046	2924453	407
2924977	2925132	155
2925945	2926026	81
2926363	2926446	83
2927087	2927175	88
2927476	2927559	83
2927986	2928066	80
2928280	2928368	88
2928411	2928496	85
2929150	2929235	85
2929434	2929593	159
2929927	2930007	80
2930107	2930272	165
2930512	2930744	232
2931385	2931467	82
2931669	2931906	237
2932271	2932509	238
2932631	2932712	81
2933308	2933391	83
2933492	2933656	164
2934187	2934355	168
2936124	2936205	81
2936304	2936484	180
2937001	2937160	159
2937252	2937426	174
2937612	2937786	174
2938476	2938640	164
2939410	2939493	83
2939585	2939738	153
2939915	2939986	71
2940500	2940578	78
2940671	2940758	87
2940887	2940964	77
2942843	2942932	89
2943047	2943129	82
2943381	2943464	83
2944177	2944255	78
2944673	2944763	90
2944831	2945087	256
2945684	2945769	85
2945980	2946070	90
2946434	2946671	237
2946928	2947104	176
2947166	2947240	74
2947673	2947756	83
2947824	2947906	82
2948010	2948327	317
2948421	2948497	76
2949080	2949233	153
2949548	2949637	89
2950745	2950904	159
2951750	2951840	90
2951935	2952005	70
2952481	2952644	163
2952854	2952941	87
2953652	2953739	87
2953857	2954187	330
2955277	2955539	262
2956268	2956425	157
2956613	2956764	151
2957790	2958113	323
2958325	2958414	89
2958577	2958738	161
2958792	2958879	87
2958981	2959056	75
2959235	2959314	79
2959897	2959986	89
2960274	2960438	164
2961090	2961167	77
2962445	2962523	78
2962722	2962894	172
2963230	2963319	89
2963759	2963931	172
2964329	2964410	81
2964808	2964893	85
2964992	2965247	255
2965645	2965727	82
2966940	2967015	75
2967072	2967153	81
2968039	2968115	76
2968530	2968779	249
2968938	2969118	180
2969669	2969750	81
2969816	2969902	86
2970009	2970167	158
2971331	2971509	178
2971626	2971705	79
2971843	2971933	90
2972352	2972739	387
2972808	2972889	81
2972986	2973237	251
2973845	2973925	80
2974271	2974766	495
2975009	2975088	79
2975285	2975460	175
2976620	2977040	420
2977107	2977267	160
2977534	2977618	84
2977782	2977948	166
2978042	2978284	242
2978789	2978865	76
2978932	2979016	84
2979083	2979172	89
2979264	2979514	250
2980104	2980183	79
2980807	2980878	71
2981397	2981482	85
2981551	2981709	158
2982326	2982479	153
2982745	2982835	90
2983028	2983106	78
2983690	2983766	76
2984732	2984994	262
2985033	2985122	89
2985309	2985565	256
2985769	2985922	153
2986437	2986601	164
2986797	2987047	250
2987326	2987415	89
2987509	2987596	87
2987686	2987948	262
2988044	2988216	172
2988593	2989008	415
2989099	2989341	242
2989720	2989801	81
2990428	2990515	87
2990606	2990690	84
2990936	2991267	331
2991594	2991753	159
2991999	2992086	87
2992177	2992249	72
2992309	2992634	325
2993028	2993113	85
2993842	2993931	89
2994022	2994194	172
2994306	2994392	86
2995057	2995147	90
2995172	2995400	228
2995522	2995685	163
2995782	2996343	561
2996438	2997090	652
2997391	2997461	70
2997557	2997638	81
2997821	2997903	82
2998061	2998146	85
2998238	2998324	86
2998693	2998780	87
2999939	3000019	80
3000153	3000420	267
3000514	3000589	75
3000682	3001027	345
3001136	3001224	88
3002317	3002392	75
3003177	3003259	82
3003468	3003556	88
3004403	3004573	170
3005475	3005561	86
3005686	3005930	244
3006590	3006674	84
3006860	3006944	84
3007152	3007319	167
3007584	3007902	318
3007964	3008295	331
3009471	3009647	176
3010278	3010448	170
3010605	3010692	87
3012049	3012221	172
3013123	3013198	75
3013725	3013814	89
3014524	3014596	72
3015124	3015297	173
3015528	3015764	236
3015955	3016041	86
3016333	3016414	81
3016471	3016554	83
3017172	3017262	90
3017355	3018096	741
3018292	3018382	90
3018773	3018861	88
3019045	3019290	245
3019600	3019682	82
3019740	3019830	90
3019939	3020020	81
3021087	3021250	163
3021345	3021513	168
3021611	3021784	173
3021891	3021969	78
3022202	3022272	70
3022841	3023168	327
3023273	3023441	168
3023563	3023650	87
3023842	3024016	174
3024071	3024221	150
3024314	3024404	90
3025374	3025534	160
3025645	3025904	259
3026238	3026403	165
3026516	3026602	86
3027780	3027867	87
3028286	3028548	262
3029630	3029795	165
3029951	3030108	157
3030736	3030974	238
3031093	3031167	74
3031494	3031579	85
3031620	3031709	89
3032103	3032265	162
3032832	3032913	81
3033108	3033194	86
3033368	3033528	160
3033643	3033722	79
3034058	3034131	73
3034784	3034864	80
3035230	3035480	250
3035541	3035951	410
3036483	3036572	89
3037131	3037211	80
3037625	3037713	88
3037839	3037916	77
3037969	3038130	161
3038639	3038719	80
3039006	3039341	335
3039434	3039514	80
3039676	3039755	79
3040175	3040255	80
3040451	3040766	315
3041295	3041383	88
3041571	3041810	239
3042246	3042493	247
3042678	3043173	495
3043472	3043554	82
3043615	3044092	477
3044299	3044539	240
3044728	3044965	237
3045151	3045659	508
3045755	3045909	154
3046239	3046320	81
3046411	3046589	178
3047265	3047924	659
3048112	3048282	170
3048722	3048794	72
3048888	3049400	512
3049493	3049907	414
3049972	3050133	161
3050294	3050463	169
3050563	3051406	843
3052850	3053008	158
3053101	3053433	332
3053525	3053615	90
3054036	3054125	89
3054350	3054427	77
3054470	3054558	88
3054667	3054753	86
3054973	3055060	87
3055500	3055587	87
3055786	3055952	166
3056307	3056463	156
3056562	3056733	171
3057119	3057287	168
3057348	3057520	172
3057619	3057709	90
3058050	3058126	76
3058220	3058633	413
3059075	3059337	262
3059403	3059561	158
3059652	3059807	155
3059998	3060160	162
3060261	3060601	340
3060692	3061035	343
3061266	3061340	74
3061771	3061848	77
3061960	3062049	89
3062105	3062179	74
3062469	3063050	581
3063378	3063456	78
3063638	3063807	169
3064153	3064330	177
3065335	3066274	939
3066515	3066601	86
3066629	3066712	83
3066836	3067016	180
3067191	3067272	81
3067369	3067457	88
3067556	3067725	169
3067942	3068117	175
3068505	3068584	79
3068867	3068950	83
3069192	3069265	73
3069571	3069660	89
3070676	3070943	267
3071076	3071248	172
3071339	3071602	263
3071662	3071747	85
3072159	3072485	326
3072924	3073004	80
3073198	3073357	159
3073799	3073882	83
3074280	3074363	83
3074701	3074866	165
3076643	3076810	167
3077561	3077650	89
3078120	3078298	178
3078453	3078536	83
3078733	3078819	86
3079315	3079405	90
3080238	3080400	162
3080654	3080738	84
3080838	3081170	332
3081232	3081403	171
3082103	3082351	248
3082660	3082732	72
3084092	3084771	679
3084997	3085159	162
3085257	3085347	90
3085593	3085679	86
3085868	3086525	657
3086617	3086793	176
3087142	3087642	500
3087735	3087825	90
3088013	3088180	167
3088271	3088435	164
3088527	3088613	86
3088837	3089181	344
3089237	3089321	84
3089528	3090197	669
3090504	3090667	163
3091193	3091681	488
3092043	3092207	164
3092306	3092394	88
3092582	3092739	157
3092833	3092989	156
3093093	3093259	166
3093538	3093618	80
3093776	3093861	85
3093975	3094142	167
3095051	3095132	81
3095318	3095478	160
3095733	3095980	247
3096165	3096412	247
3096473	3096630	157
3096724	3097131	407
3097246	3097335	89
3097430	3097759	329
3097927	3098008	81
3098108	3098189	81
3098345	3098510	165
3098606	3099015	409
3099117	3099349	232
3099558	3099973	415
3100318	3100579	261
3100670	3100849	179
3101194	3101440	246
3101749	3101838	89
3101871	3101960	89
3102543	3102872	329
3102966	3103130	164
3103222	3103395	173
3104173	3104257	84
3104669	3104752	83
3105437	3105523	86
3105564	3105646	82
3105771	3106011	240
3106479	3106642	163
3107283	3107539	256
3107584	3107666	82
3107872	3107953	81
3108386	3108966	580
3109069	3109225	156
3109330	3109414	84
3109777	3110025	248
3110324	3110408	84
3110503	3110584	81
3111573	3111723	150
3112018	3112182	164
3112552	3112636	84
3113980	3114054	74
3114249	3114335	86
3114656	3115226	570
3116034	3116116	82
3116991	3117065	74
3117263	3117579	316
3117674	3117831	157
3118091	3118181	90
3118448	3118536	88
3118707	3118879	172
3119082	3119156	74
3119320	3119623	303
3119716	3120461	745
3120676	3120834	158
3120931	3121182	251
3121276	3121784	508
3121851	3121936	85
3122028	3122114	86
3122247	3122337	90
3122677	3122844	167
3123091	3123171	80
3124477	3124549	72
3125927	3126001	74
3126331	3126596	265
3127119	3127205	86
3127965	3128048	83
3128101	3128349	248
3128451	3128624	173
3129509	3129582	73
3130218	3130383	165
3131959	3132039	80
3132137	3132219	82
3132283	3132364	81
3132460	3132631	171
3133001	3133255	254
3133697	3133787	90
3134467	3134546	79
3134884	3134964	80
3135060	3135218	158
3135312	3135389	77
3135773	3135863	90
3136093	3136340	247
3136398	3136485	87
3136984	3137074	90
3137176	3137249	73
3137344	3137673	329
3137961	3138048	87
3138143	3138216	73
3138466	3138797	331
3139193	3139278	85
3139442	3139523	81
3139967	3140038	71
3140136	3140290	154
3140873	3141187	314
3141288	3141369	81
3141769	3142020	251
3142431	3142521	90
3142588	3142813	225
3142904	3142994	90
3143406	3143482	76
3143669	3143915	246
3144132	3144219	87
3144437	3144513	76
3144832	3144912	80
3145443	3145620	177
3145712	3145881	169
3145988	3146058	70
3146227	3146310	83
3147183	3147349	166
3147499	3147669	170
3147734	3148217	483
3150698	3150941	243
3151199	3151281	82
3151334	3151420	86
3151513	3151679	166
3151747	3152001	254
3152101	3152255	154
3152523	3152612	89
3152909	3152991	82
3153084	3153228	144
3153421	3153677	256
3153768	3154011	243
3154323	3154412	89
3155590	3155676	86
3155776	3156253	477
3156347	3156516	169
3156614	3157543	929
3158232	3158476	244
3158568	3158652	84
3159300	3159716	416
3159811	3160153	342
3160582	3160659	77
3161005	3161177	172
3161244	3161333	89
3161428	3161508	80
3161674	3161754	80
3162078	3162167	89
3162266	3162424	158
3162680	3162768	88
3162941	3163030	89
3163204	3163348	144
3163560	3164699	1139
3164936	3165023	87
3165069	3165159	90
3165594	3165683	89
3165940	3166101	161
3166631	3166716	85
3167324	3167489	165
3167587	3167664	77
3167823	3167906	83
3168704	3168793	89
3168886	3168971	85
3170344	3170500	156
3171279	3171539	260
3171719	3171875	156
3172171	3172261	90
3172866	3172956	90
3173474	3173558	84
3174133	3174536	403
3175458	3175534	76
3175881	3176055	174
3177981	3178070	89
3178180	3178259	79
3178573	3178899	326
3179026	3179849	823
3180655	3181058	403
3181872	3181958	86
3182059	3182141	82
3182235	3182318	83
3182566	3182961	395
3183305	3183478	173
3184288	3184371	83
3184462	3184533	71
3184726	3185316	590
3185509	3185591	82
3186414	3187118	704
3187301	3187391	90
3187423	3187585	162
3188485	3188648	163
3188740	3188823	83
3189151	3189228	77
3189712	3189878	166
3189969	3190278	309
3190369	3190534	165
3190589	3190839	250
3191541	3191631	90
3191794	3191877	83
3191974	3192494	520
3192590	3192665	75
3193808	3193897	89
3194235	3194322	87
3194558	3194645	87
3195915	3195999	84
3196297	3196466	169
3196560	3196728	168
3196954	3197034	80
3197165	3197394	229
3197492	3197568	76
3197719	3197807	88
3198212	3198293	81
3198425	3198572	147
3199100	3199180	80
3199331	3199420	89
3199485	3199729	244
3199827	3199916	89
3200440	3200515	75
3201725	3201883	158
3202602	3202689	87
3202718	3202808	90
3203012	3203615	603
3203676	3203763	87
3203985	3204062	77
3204171	3204252	81
3204720	3205057	337
3205623	3205712	89
3205805	3206228	423
3206319	3206484	165
3206583	3206673	90
3206817	3206894	77
3207097	3207175	78
3212774	3212847	73
3213041	3213292	251
3216384	3216634	250
3217080	3217317	237
3217408	3217486	78
3217812	3217892	80
3218008	3218243	235
3218474	3218557	83
3219414	3219586	172
3219653	3219735	82
3221212	3221367	155
3221468	3221711	243
3222687	3222759	72
3224591	3224676	85
3224778	3225004	226
3225689	3225778	89
3225935	3226115	180
3226719	3226884	165
3227159	3227413	254
3227608	3227692	84
3227783	3227951	168
3228142	3228225	83
3228265	3228352	87
3228815	3228901	86
3229359	3229524	165
3229975	3230055	80
3230577	3230664	87
3230992	3231080	88
3231349	3231423	74
3232413	3232490	77
3232840	3233089	249
3233185	3233338	153
3233534	3233604	70
3233727	3233805	78
3234734	3234982	248
3235212	3235380	168
3235871	3235961	90
3236058	3236226	168
3236344	3236433	89
3236530	3236602	72
3236668	3236836	168
3237512	3237597	85
3237789	3238025	236
3238310	3238397	87
3238491	3238661	170
3238818	3238904	86
3238999	3239078	79
3239173	3239247	74
3239405	3239551	146
3240038	3240123	85
3240698	3240779	81
3241262	3241433	171
3241535	3241609	74
3241729	3241971	242
3242256	3242434	178
3242493	3242563	70
3242729	3242813	84
3243224	3243311	87
3243404	3243477	73
3243830	3244253	423
3244451	3244532	81
3244746	3244979	233
3245164	3245253	89
3245964	3246051	87
3246292	3246366	74
3246941	3247028	87
3247590	3247847	257
3247970	3248228	258
3248323	3248403	80
3248494	3248752	258
3249529	3249697	168
3249796	3249879	83
3249971	3250723	752
3251082	3251171	89
3251364	3251448	84
3251970	3252053	83
3252889	3252978	89
3253104	3253183	79
3253472	3253558	86
3253817	3253900	83
3254137	3254734	597
3255056	3255139	83
3255441	3255526	85
3255719	3255803	84
3255989	3256248	259
3256354	3256442	88
3256886	3257537	651
3257589	3257672	83
3257784	3257939	155
3258066	3258150	84
3258247	3258328	81
3258999	3259082	83
3259175	3260005	830
3260195	3260274	79
3260369	3260535	166
3260722	3260901	179
3260995	3261638	643
3261833	3261921	88
3262366	3262450	84
3262517	3262600	83
3262834	3262918	84
3263015	3263346	331
3263826	3263913	87
3264008	3264093	85
3264111	3264265	154
3264421	3264508	87
3264566	3264636	70
3264743	3264831	88
3264929	3265286	357
3265751	3266233	482
3266300	3266389	89
3266487	3266653	166
3266720	3266879	159
3266974	3267132	158
3267231	3267403	172
3267596	3267763	167
3267855	3267927	72
3268281	3268524	243
3268588	3268760	172
3268858	3268944	86
3269225	3269304	79
3270005	3270089	84
3270351	3270495	144
3270696	3270781	85
3270937	3271019	82
3271371	3272082	711
3272174	3272756	582
3273172	3273851	679
3273959	3274457	498
3274833	3274911	78
3275006	3275174	168
3275269	3275701	432
3275807	3275897	90
3276103	3276193	90
3276472	3276560	88
3277199	3277284	85
3277732	3277814	82
3278100	3278190	90
3278257	3278327	70
3278577	3278658	81
3279001	3279249	248
3279318	3279481	163
3280094	3280324	230
3280560	3280727	167
3280982	3281062	80
3281179	3281263	84
3281380	3281551	171
3282063	3282236	173
3282338	3282497	159
3282761	3283006	245
3283211	3283295	84
3283625	3283795	170
3284180	3284268	88
3284362	3284450	88
3284798	3284957	159
3285057	3285230	173
3285687	3286007	320
3286349	3286424	75
3287047	3287210	163
3287955	3288038	83
3288180	3288357	177
3288413	3288494	81
3288588	3288666	78
3291037	3291124	87
3291542	3291622	80
3293435	3293604	169
3295006	3295090	84
3295441	3295531	90
3295897	3295971	74
3296034	3296536	502
3296598	3296685	87
3297252	3297335	83
3297382	3297465	83
3298330	3298408	78
3299753	3300078	325
3300239	3300317	78
3300504	3300575	71
3301113	3301275	162
3301314	3301480	166
3301804	3301888	84
3301985	3302072	87
3302123	3302202	79
3302389	3302466	77
3302946	3303105	159
3304166	3304501	335
3304604	3304694	90
3304763	3304844	81
3305257	3305428	171
3305661	3305734	73
3305838	3305916	78
3306072	3306499	427
3306719	3306801	82
3306910	3307167	257
3307258	3307420	162
3307512	3307842	330
3307948	3308299	351
3308467	3308626	159
3310075	3310236	161
3310337	3310504	167
3310604	3310692	88
3311386	3311558	172
3311856	3311942	86
3312033	3312115	82
3312213	3312287	74
3312381	3312466	85
3312557	3312879	322
3312970	3313052	82
3313565	3313730	165
3313829	3314143	314
3314792	3315040	248
3315136	3315449	313
3315641	3315728	87
3315823	3315913	90
3315981	3316135	154
3316490	3316663	173
3316857	3317016	159
3317119	3317190	71
3317391	3317477	86
3318517	3318841	324
3318941	3319031	90
3319086	3319339	253
3319826	3319908	82
3320015	3320175	160
3320295	3320456	161
3321032	3321276	244
3321369	3321620	251
3321736	3321814	78
3321862	3321940	78
3322038	3322194	156
3322441	3322694	253
3322788	3323211	423
3323309	3323386	77
3325328	3325406	78
3326088	3326178	90
3327308	3327650	342
3328101	3328187	86
3328290	3328719	429
3328811	3328900	89
3329349	3329505	156
3330326	3330476	150
3330643	3330721	78
3330831	3330919	88
3331010	3331168	158
3331297	3331387	90
3331544	3331891	347
3332330	3332416	86
3332484	3332574	90
3332768	3332935	167
3333035	3333124	89
3333270	3333351	81
3333612	3333697	85
3333902	3333985	83
3334335	3334425	90
3334751	3334839	88
3335038	3335290	252
3335556	3335894	338
3335998	3336314	316
3336414	3336504	90
3336605	3336845	240
3337014	3337084	70
3338001	3338081	80
3338178	3338339	161
3338453	3338536	83
3339003	3339602	599
3339883	3339965	82
3340167	3340241	74
3340335	3340576	241
3340840	3340912	72
3341431	3341599	168
3342176	3342251	75
3342440	3342521	81
3342874	3343039	165
3343132	3343219	87
3343287	3343371	84
3343780	3343947	167
3344002	3344085	83
3345232	3345571	339
3345664	3346005	341
3346225	3346297	72
3346485	3346794	309
3347120	3347207	87
3347371	3347461	90
3347519	3347842	323
3349518	3349606	88
3350249	3350332	83
3350703	3350792	89
3350980	3351064	84
3351625	3351712	87
3351860	3351940	80
3352178	3352260	82
3352593	3352679	86
3352781	3353128	347
3353232	3353472	240
3353627	3353712	85
3353911	3354416	505
3354843	3354930	87
3355178	3355262	84
3355424	3355675	251
3355766	3355854	88
3356185	3356758	573
3356821	3356978	157
3357779	3357859	80
3358139	3358223	84
3358317	3358397	80
3358530	3358934	404
3359032	3359203	171
3359299	3359446	147
3360423	3361106	683
3361321	3361405	84
3361697	3362111	414
3362314	3362733	419
3363411	3363495	84
3363563	3363647	84
3363751	3363994	243
3364050	3364604	554
3364760	3365163	403
3365289	3365368	79
3366305	3367104	799
3368233	3368319	86
3368425	3368513	88
3368661	3368829	168
3368921	3368999	78
3369734	3369820	86
3370041	3370115	74
3370218	3370556	338
3370653	3370734	81
3370798	3370884	86
3371243	3371329	86
3371483	3371571	88
3372005	3372075	70
3372166	3372238	72
3372393	3372472	79
3373198	3373363	165
3373431	3373509	78
3373661	3373750	89
3373848	3374090	242
3374189	3374363	174
3374460	3374530	70
3374905	3374992	87
3375719	3376054	335
3376146	3376226	80
3376744	3376832	88
3376878	3377050	172
3377156	3377313	157
3377793	3377964	171
3378058	3378144	86
3378486	3378641	155
3378795	3378880	85
3378972	3379128	156
3380385	3380471	86
3380839	3380915	76
3381026	3381194	168
3381288	3381539	251
3381600	3381678	78
3381843	3381917	74
3382016	3382182	166
3382340	3382428	88
3382799	3383298	499
3383625	3384122	497
3384442	3384609	167
3384730	3384802	72
3384920	3385007	87
3385114	3385292	178
3385390	3385467	77
3385884	3385972	88
3386597	3386930	333
3387406	3387579	173
3387814	3388049	235
3388145	3388305	160
3388636	3388716	80
3388812	3388983	171
3389036	3389273	237
3389385	3389455	70
3389624	3390132	508
3390664	3390745	81
3390900	3390989	89
3391106	3391283	177
3391465	3391542	77
3391852	3391935	83
3392151	3392240	89
3392666	3392749	83
3393482	3393572	90
3394416	3394505	89
3394790	3394864	74
3395682	3395772	90
3396293	3396466	173
3397161	3397322	161
3398548	3398787	239
3398937	3399181	244
3401203	3401290	87
3401668	3401757	89
3401848	3401933	85
3402329	3402403	74
3402607	3403107	500
3403934	3404019	85
3404121	3404200	79
3404923	3405228	305
3405957	3406037	80
3406173	3406262	89
3406315	3406386	71
3406578	3406663	85
3406707	3406791	84
3406996	3407164	168
3407415	3407741	326
3408179	3408259	80
3408328	3408415	87
3408775	3409022	247
3409278	3409355	77
3409515	3409689	174
3409780	3409869	89
3409915	3410091	176
3410185	3410358	173
3410455	3410538	83
3410671	3411076	405
3411333	3411419	86
3411619	3411879	260
3413098	3413669	571
3413859	3413943	84
3414150	3414238	88
3414537	3414626	89
3415135	3415225	90
3415632	3415810	178
3415986	3416072	86
3416169	3416338	169
3416821	3416909	88
3416951	3417022	71
3417360	3417534	174
3417642	3417884	242
3417939	3418011	72
3418659	3418739	80
3418948	3419026	78
3419123	3419700	577
3419794	3419880	86
3419973	3420218	245
3420316	3420724	408
3420834	3421001	167
3421373	3421628	255
3422092	3422172	80
3422277	3422364	87
3422425	3422675	250
3422920	3423003	83
3423111	3423187	76
3423807	3423885	78
3423933	3424016	83
3424313	3424391	78
3424620	3424703	83
3424855	3424938	83
3425147	3425389	242
3425579	3425743	164
3426075	3426247	172
3426913	3427003	90
3427349	3427435	86
3427809	3427894	85
3428004	3428414	410
3428561	3428634	73
3428755	3428838	83
3428941	3429183	242
3429637	3429709	72
3429814	3429898	84
3429964	3430210	246
3430311	3430386	75
3430485	3430649	164
3431444	3431533	89
3431790	3432024	234
3432193	3432282	89
3432333	3432411	78
3432766	3432931	165
3433204	3433377	173
3433639	3433719	80
3433840	3434009	169
3434044	3434133	89
3434294	3434376	82
3434502	3434579	77
3435162	3435392	230
3435983	3436148	165
3436581	3436816	235
3437307	3437393	86
3437504	3437680	176
3438390	3438642	252
3438710	3438782	72
3438883	3439134	251
3439307	3439476	169
3440454	3440621	167
3440794	3440869	75
3442383	3442547	164
3443030	3443109	79
3444174	3444250	76
3444467	3444550	83
3444919	3445182	263
3445274	3445362	88
3445556	3445708	152
3447137	3447299	162
3447494	3447654	160
3448001	3448082	81
3448320	3448810	490
3448907	3448989	82
3449153	3449325	172
3449432	3450362	930
3450457	3450622	165
3450778	3450856	78
3451297	3451384	87
3451719	3451807	88
3452008	3452403	395
3452504	3452594	90
3452747	3452904	157
3455039	3455124	85
3455349	3455419	70
3456071	3456236	165
3456513	3456776	263
3456867	3456952	85
3457114	3457198	84
3457570	3457744	174
3457974	3458064	90
3458417	3458493	76
3458860	3458950	90
3460332	3460411	79
3460653	3460729	76
3461086	3461160	74
3461334	3461580	246
3461672	3461922	250
3462013	3462100	87
3462168	3462418	250
3464682	3464757	75
3465262	3465994	732
3466087	3466259	172
3466557	3466646	89
3466919	3466995	76
3467252	3467339	87
3467435	3467612	177
3467949	3468193	244
3468259	3468516	257
3469291	3469443	152
3469857	3470032	175
3470227	3470378	151
3470677	3470849	172
3472324	3472402	78
3472992	3473079	87
3473177	3473266	89
3473450	3473618	168
3474048	3474119	71
3474341	3475162	821
3475323	3475501	178
3475620	3475709	89
3476246	3476419	173
3476514	3476595	81
3476856	3476945	89
3477066	3477143	77
3477664	3477752	88
3477844	3477928	84
3478020	3478106	86
3478386	3478469	83
3479040	3479186	146
3479689	3479861	172
3481055	3481223	168
3481956	3482121	165
3482628	3482713	85
3483084	3483253	169
3483366	3483448	82
3483608	3483694	86
3484004	3484076	72
3484435	3484610	175
3484805	3484887	82
3485181	3485270	89
3485864	3486351	487
3487015	3487257	242
3487351	3487434	83
3487696	3487868	172
3488766	3489177	411
3489457	3489619	162
3489826	3489899	73
3490112	3490292	180
3490494	3490577	83
3490915	3490993	78
3491093	3491173	80
3491235	3491401	166
3491498	3491833	335
3492177	3492258	81
3492357	3492529	172
3492858	3493005	147
3493450	3493537	87
3493629	3493954	325
3494048	3494209	161
3494261	3494498	237
3494684	3494768	84
3494861	3495120	259
3495570	3495653	83
3496035	3496199	164
3496363	3496451	88
3496544	3497211	667
3497528	3497689	161
3497856	3498020	164
3498226	3498310	84
3498376	3498462	86
3498527	3498615	88
3499057	3499145	88
3499258	3499342	84
3499489	3499578	89
3499743	3500052	309
3500165	3500243	78
3501131	3501207	76
3501483	3501563	80
3501913	3502002	89
3502093	3502249	156
3502426	3502497	71
3502896	3503066	170
3503593	3503677	84
3503860	3504100	240
3504412	3504489	77
3504580	3504653	73
3504756	3504838	82
3504934	3505100	166
3505442	3505532	90
3505780	3505860	80
3506313	3506391	78
3506495	3506583	88
3506999	3507075	76
3507180	3507265	85
3507831	3507908	77
3508427	3508505	78
3508598	3508758	160
3509223	3509305	82
3509726	3509959	233
3510432	3510520	88
3511058	3511143	85
3511596	3511840	244
3511947	3512126	179
3512182	3512433	251
3512946	3513104	158
3513490	3513580	90
3513679	3513922	243
3514086	3514172	86
3514387	3514609	222
3515344	3515429	85
3516161	3516244	83
3516357	3516671	314
3516858	3516928	70
3517765	3517850	85
3517918	3517998	80
3518092	3518260	168
3518904	3518983	79
3519102	3519177	75
3519360	3519940	580
3520036	3520202	166
3520410	3520500	90
3520764	3520845	81
3521027	3521573	546
3521671	3521755	84
3521856	3521940	84
3522579	3522894	315
3523383	3523456	73
3523552	3523721	169
3524025	3524108	83
3524277	3524442	165
3525488	3525576	88
3525866	3525946	80
3526565	3526812	247
3527034	3527107	73
3527208	3527296	88
3527352	3527920	568
3528103	3528187	84
3528382	3528454	72
3528640	3528809	169
3528906	3528982	76
3529138	3529216	78
3529889	3530237	348
3530301	3530786	485
3531238	3531395	157
3531453	3531529	76
3532894	3532976	82
3533177	3533346	169
3533738	3534158	420
3534323	3534395	72
3534486	3534573	87
3534852	3535022	170
3535364	3535617	253
3535954	3536269	315
3536365	3536447	82
3536604	3536940	336
3537037	3537194	157
3537291	3537458	167
3539485	3539801	316
3539844	3539932	88
3540271	3540516	245
3541466	3541716	250
3542107	3542195	88
3542736	3542900	164
3543355	3543891	536
3544059	3544625	566
3544968	3545388	420
3545834	3546407	573
3547054	3547218	164
3547412	3547739	327
3547779	3547851	72
3548387	3548470	83
3548662	3548742	80
3549000	3549082	82
3549561	3549816	255
3549874	3549953	79
3550154	3550224	70
3550669	3550822	153
3551106	3551191	85
3551630	3551798	168
3552058	3552135	77
3552299	3552387	88
3552481	3552571	90
3552896	3553062	166
3553175	3553336	161
3553694	3554100	406
3554247	3554575	328
3555154	3555230	76
3555588	3555660	72
3556971	3557125	154
3557375	3557450	75
3557577	3557732	155
3558787	3558861	74
3559568	3559726	158
3559935	3560180	245
3560367	3560779	412
3560876	3561042	166
3561514	3561589	75
3561795	3561875	80
3562102	3562178	76
3562808	3562975	167
3563077	3563166	89
3563616	3563702	86
3564273	3564704	431
3567019	3567098	79
3567433	3567512	79
3567951	3568457	506
3568621	3568702	81
3568867	3569042	175
3569327	3569580	253
3569768	3570079	311
3570661	3570824	163
3570924	3571012	88
3572201	3572379	178
3572537	3572953	416
3573389	3573477	88
3573540	3573797	257
3574423	3574508	85
3574606	3574944	338
3575037	3575447	410
3575516	3576029	513
3576602	3576933	331
3577029	3577353	324
3577448	3577533	85
3577693	3577782	89
3578065	3578570	505
3578631	3578788	157
3578918	3579258	340
3579465	3579550	85
3579957	3580301	344
3580819	3581145	326
3581386	3581468	82
3582187	3582267	80
3582454	3582535	81
3582728	3582889	161
3582989	3583073	84
3583120	3583385	265
3583670	3583748	78
3583870	3583948	78
3584930	3585001	71
3585245	3585317	72
3585424	3585511	87
3585834	3585924	90
3586117	3586207	90
3586617	3586863	246
3586958	3587037	79
3587522	3587700	178
3587724	3587810	86
3588008	3588094	86
3588191	3588273	82
3588328	3588403	75
3588557	3588630	73
3589210	3589379	169
3590026	3590115	89
3590267	3590347	80
3590891	3590978	87
3591133	3591214	81
3591305	3591387	82
3591580	3591752	172
3591812	3591901	89
3592000	3592399	399
3592591	3592678	87
3593037	3593108	71
3593207	3593281	74
3593510	3593914	404
3594075	3594320	245
3594411	3594487	76
3594927	3595084	157
3595278	3595358	80
3595427	3595756	329
3595850	3595930	80
3596130	3596466	336
3596938	3597421	483
3597653	3597724	71
3597901	3597986	85
3598151	3598317	166
3598408	3598818	410
3599727	3599880	153
3600710	3600788	78
3600972	3601228	256
3601824	3601907	83
3602443	3602523	80
3602623	3603365	742
3603632	3603720	88
3605841	3605915	74
3606006	3606590	584
3606697	3607025	328
3608218	3608387	169
3608480	3608637	157
3609269	3609358	89
3609594	3609759	165
3609859	3609942	83
3610034	3610212	178
3610320	3610409	89
3610757	3611171	414
3611369	3611459	90
3611599	3611765	166
3612021	3612343	322
3612449	3612537	88
3612573	3612660	87
3613005	3613249	244
3613444	3613606	162
3613703	3614041	338
3614329	3614400	71
3614463	3614625	162
3614966	3615052	86
3615956	3616040	84
3616232	3616641	409
3616795	3616969	174
3617813	3617900	87
3617947	3618031	84
3618409	3618487	78
3618552	3618722	170
3618823	3618903	80
3619105	3619349	244
3619441	3619687	246
3620115	3620201	86
3620270	3620424	154
3620525	3620605	80
3620885	3620966	81
3621028	3621359	331
3621779	3621861	82
3622023	3622098	75
3622189	3622265	76
3622329	3622501	172
3622593	3622835	242
3623384	3623473	89
3623786	3623868	82
3624065	3624151	86
3624214	3624289	75
3624389	3624815	426
3625932	3626106	174
3626203	3626283	80
3626538	3626695	157
3627133	3627385	252
3627582	3627751	169
3629034	3629209	175
3629245	3629331	86
3629446	3629599	153
3630175	3630259	84
3630399	3630486	87
3630854	3630939	85
3631280	3631537	257
3631634	3631718	84
3632266	3632352	86
3632443	3632609	166
3632890	3633050	160
3633210	3633292	82
3633393	3633474	81
3633632	3633806	174
3634172	3634258	86
3634310	3634389	79
3634492	3634833	341
3634928	3635014	86
3635427	3635516	89
3635635	3635725	90
3636230	3636306	76
3636870	3637188	318
3637407	3637494	87
3638648	3638725	77
3638817	3638897	80
3639096	3639522	426
3639615	3639702	87
3639887	3639969	82
3640309	3640397	88
3640636	3640865	229
3641485	3641567	82
3641660	3642001	341
3642102	3642184	82
3642340	3642589	249
3643303	3643387	84
3643501	3643591	90
3644147	3644491	344
3644694	3644780	86
3645234	3645322	88
3645480	3645645	165
3645740	3646467	727
3646569	3646905	336
3647198	3647285	87
3647396	3647471	75
3647888	3648109	221
3648170	3648427	257
3648823	3648973	150
3649138	3649653	515
3649955	3650045	90
3650217	3650461	244
3650559	3651052	493
3651188	3651272	84
3651400	3651482	82
3651573	3651733	160
3652103	3652178	75
3652373	3652455	82
3652740	3652830	90
3652890	3652974	84
3653138	3653223	85
3653673	3653932	259
3654389	3654476	87
3654765	3654841	76
3654895	3654973	78
3655468	3655554	86
3655754	3655843	89
3655887	3655968	81
3656158	3656231	73
3656343	3656512	169
3656571	3656744	173
3656904	3657072	168
3657193	3657275	82
3657571	3657921	350
3658209	3658289	80
3658678	3658844	166
3659522	3659688	166
3660282	3660447	165
3660553	3660953	400
3661046	3661209	163
3661390	3661461	71
3661571	3661745	174
3661940	3662030	90
3662182	3662268	86
3662369	3662526	157
3663088	3663165	77
3663375	3663454	79
3663801	3663972	171
3664015	3664098	83
3664199	3664361	162
3665045	3665207	162
3665607	3665773	166
3666379	3666459	80
3667008	3667241	233
3667344	3667845	501
3668193	3668417	224
3668510	3668583	73
3668828	3668904	76
3669134	3669450	316
3669621	3669711	90
3669851	3670029	178
3670323	3670411	88
3670541	3671296	755
3671929	3672102	173
3672313	3672403	90
3673086	3673253	167
3674280	3674433	153
3675413	3675577	164
3675888	3676043	155
3676726	3676900	174
3677173	3677335	162
3677508	3677677	169
3678137	3678303	166
3678434	3678506	72
3678625	3678968	343
3679783	3679859	76
3680176	3680265	89
3680845	3681268	423
3681382	3681470	88
3681881	3681963	82
3682063	3682222	159
3682759	3682920	161
3683112	3683199	87
3683496	3683664	168
3683765	3683835	70
3684331	3684495	164
3684742	3684821	79
3685014	3685177	163
3685632	3685788	156
3685892	3686313	421
3686380	3686468	88
3686686	3686766	80
3687081	3687345	264
3687868	3687957	89
3688382	3688462	80
3688569	3688730	161
3689060	3689136	76
3689394	3689481	87
3690280	3690370	90
3690740	3691073	333
3691131	3691309	178
3691404	3691739	335
3691831	3691921	90
3692026	3692198	172
3692330	3692416	86
3692610	3692697	87
3692942	3693502	560
3693598	3693686	88
3693877	3693957	80
3693999	3694083	84
3694324	3694404	80
3695739	3695895	156
3696141	3696295	154
3696410	3696492	82
3697096	3697175	79
3697328	3697418	90
3697515	3697601	86
3697775	3697858	83
3698557	3698632	75
3699017	3699103	86
3699645	3699734	89
3699785	3699865	80
3699956	3700036	80
3700188	3700268	80
3700437	3700607	170
3700885	3701065	180
3701165	3701243	78
3701620	3701704	84
3702058	3702140	82
3702219	3702308	89
3702828	3703066	238
3703256	3703344	88
3703814	3703884	70
3703927	3704186	259
3704887	3704963	76
3705057	3705230	173
3706455	3706544	89
3706809	3706976	167
3707429	3707594	165
3708026	3708359	333
3708559	3708637	78
3708730	3708817	87
3709099	3709169	70
3709262	3709339	77
3709626	3709696	70
3710332	3710568	236
3710769	3711031	262
3711526	3711689	163
3712479	3712652	173
3713831	3713902	71
3714407	3714574	167
3715690	3715780	90
3718365	3718532	167
3718756	3718835	79
3721625	3721708	83
3722536	3722620	84
3722816	3722980	164
3723282	3723543	261
3723635	3723796	161
3723987	3724482	495
3724636	3725211	575
3725959	3726031	72
3726354	3726444	90
3726563	3726648	85
3727023	3727183	160
3728046	3728297	251
3728340	3728427	87
3728683	3728766	83
3728873	3729039	166
3729833	3730004	171
3730465	3730536	71
3731182	3731260	78
3731721	3731808	87
3732427	3732501	74
3733164	3733250	86
3733529	3733619	90
3733685	3733771	86
3734327	3734488	161
3734744	3734827	83
3735026	3735111	85
3735157	3735240	83
3735408	3735491	83
3735869	3736360	491
3737144	3737222	78
3737291	3737365	74
3737824	3737910	86
3738610	3738780	170
3738985	3739055	70
3739616	3739771	155
3739891	3739973	82
3740264	3740350	86
3740504	3740814	310
3741557	3741638	81
3741896	3741979	83
3745085	3745166	81
3746314	3746404	90
3747528	3747613	85
3748274	3748534	260
3749898	3749982	84
3750082	3750167	85
3750265	3750352	87
3751149	3751568	419
3751953	3752038	85
3752352	3752433	81
3752476	3752557	81
3752680	3752849	169
3753234	3753317	83
3754328	3754408	80
3754500	3754588	88
3754652	3754731	79
3754945	3755035	90
3755347	3755423	76
3756319	3756560	241
3756758	3756920	162
3756986	3757329	343
3757507	3757593	86
3757695	3757770	75
3758056	3758315	259
3758407	3758663	256
